400 5001
3350 5002
6900 5003
4250 5004
2100 5005
2550 5006
6400 5007
8600 5008
3050 5009
300 5010
3700 5011
7650 5012
3200 5013
1400 5014
1150 5015
7600 5016
900 5017
5550 5018
5650 5019
7450 5020
9800 5021
2250 5022
4550 5023
5200 5024
5750 5025
5550 5026
7300 5027
6300 5028
7950 5029
5850 5030
2800 5031
8300 5032
9100 5033
9650 5034
2550 5035
1250 5036
2200 5037
8850 5038
9800 5039
5200 5040
9100 5041
3550 5042
2850 5043
2350 5044
4850 5045
3950 5046
9900 5047
5700 5048
9400 5049
5600 5050
3150 5051
9200 5052
7750 5053
7650 5054
4450 5055
3550 5056
3250 5057
1750 5058
9750 5059
1200 5060
7550 5061
2600 5062
9450 5063
6650 5064
2250 5065
2000 5066
7850 5067
4350 5068
900 5069
7700 5070
9500 5071
9950 5072
1250 5073
2400 5074
2350 5075
6050 5076
6250 5077
2300 5078
1750 5079
5650 5080
7800 5081
4800 5082
4900 5083
5550 5084
2450 5085
9250 5086
9050 5087
5650 5088
1000 5089
8800 5090
6750 5091
8450 5092
1400 5093
6200 5094
5150 5095
3600 5096
8150 5097
3050 5098
7900 5099
9000 5100
800 5101
