300 5010
400 5001
800 5101
900 5017
900 5069
1000 5089
1150 5015
1200 5060
1250 5036
1250 5073
1400 5014
1400 5093
1750 5058
1750 5079
2000 5066
2100 5005
2200 5037
2250 5022
2250 5065
2300 5078
2350 5044
2350 5075
2400 5074
2450 5085
2550 5006
2550 5035
2600 5062
2800 5031
2850 5043
3050 5009
3050 5098
3150 5051
3200 5013
3250 5057
3350 5002
3550 5056
3550 5042
3600 5096
3700 5011
3950 5046
4250 5004
4350 5068
4450 5055
4550 5023
4800 5082
4850 5045
4900 5083
5150 5095
5200 5040
5200 5024
5550 5018
5550 5026
5550 5084
5600 5050
5650 5019
5650 5080
5650 5088
5700 5048
5750 5025
5850 5030
6050 5076
6200 5094
6250 5077
6300 5028
6400 5007
6650 5064
6750 5091
6900 5003
7300 5027
7450 5020
7550 5061
7600 5016
7650 5012
7650 5054
7700 5070
7750 5053
7800 5081
7850 5067
7900 5099
7950 5029
8150 5097
8300 5032
8450 5092
8600 5008
8800 5090
8850 5038
9000 5100
9050 5087
9100 5033
9100 5041
9200 5052
9250 5086
9400 5049
9450 5063
9500 5071
9650 5034
9750 5059
9800 5039
9800 5021
9900 5047
9950 5072
